num_landmarks      = 15        # number of landmarks
N                  = 30       # time steps
world_size         = 100.0    # size of world
measurement_range  = 10.0     # range at which we can sense landmarks
motion_noise       = 1.0      # noise in robot motion
measurement_noise  = 1.0      # noise in the measurements
distance           = 20.0     # distance by which robot (intends to) move each iteratation 

[+2.0, +0.0, -1.0, +0.0, +0.0, +0.0, +0.0, +0.0, +0.0, +0.0, +0.0, +0.0, +0.0, +0.0, +0.0, +0.0, +0.0, +0.0, +0.0, +0.0, +0.0, +0.0, +0.0, +0.0, +0.0, +0.0, +0.0, +0.0, +0.0, +0.0, +0.0, +0.0, +0.0, +0.0, +0.0, +0.0, +0.0, +0.0, +0.0, +0.0, +0.0, +0.0, +0.0, +0.0, +0.0]
[+0.0, +3.0, +0.0, -1.0, +0.0, +0.0, +0.0, +0.0, +0.0, +0.0, +0.0, +0.0, +0.0, +0.0, +0.0, +0.0, +0.0, +0.0, +0.0, +0.0, +0.0, +0.0, +0.0, +0.0, +0.0, +0.0, +0.0, +0.0, +0.0, +0.0, +0.0, +0.0, +0.0, +0.0, +0.0, +0.0, +0.0, +0.0, +0.0, -1.0, +0.0, +0.0, +0.0, +0.0, +0.0]
[-1.0, +0.0, +3.0, +0.0, -1.0, +0.0, +0.0, +0.0, +0.0, +0.0, +0.0, +0.0, +0.0, +0.0, +0.0, +0.0, +0.0, +0.0, +0.0, +0.0, +0.0, +0.0, +0.0, +0.0, +0.0, +0.0, +0.0, +0.0, +0.0, +0.0, +0.0, +0.0, +0.0, +0.0, +0.0, +0.0, +0.0, +0.0, +0.0, +0.0, +0.0, +0.0, +0.0, +0.0, -1.0]
[+0.0, -1.0, +0.0, +2.0, +0.0, -1.0, +0.0, +0.0, +0.0, +0.0, +0.0, +0.0, +0.0, +0.0, +0.0, +0.0, +0.0, +0.0, +0.0, +0.0, +0.0, +0.0, +0.0, +0.0, +0.0, +0.0, +0.0, +0.0, +0.0, +0.0, +0.0, +0.0, +0.0, +0.0, +0.0, +0.0, +0.0, +0.0, +0.0, +0.0, +0.0, +0.0, +0.0, +0.0, +0.0]
[+0.0, +0.0, -1.0, +0.0, +2.0, +0.0, -1.0, +0.0, +0.0, +0.0, +0.0, +0.0, +0.0, +0.0, +0.0, +0.0, +0.0, +0.0, +0.0, +0.0, +0.0, +0.0, +0.0, +0.0, +0.0, +0.0, +0.0, +0.0, +0.0, +0.0, +0.0, +0.0, +0.0, +0.0, +0.0, +0.0, +0.0, +0.0, +0.0, +0.0, +0.0, +0.0, +0.0, +0.0, +0.0]
[+0.0, +0.0, +0.0, -1.0, +0.0, +2.0, +0.0, -1.0, +0.0, +0.0, +0.0, +0.0, +0.0, +0.0, +0.0, +0.0, +0.0, +0.0, +0.0, +0.0, +0.0, +0.0, +0.0, +0.0, +0.0, +0.0, +0.0, +0.0, +0.0, +0.0, +0.0, +0.0, +0.0, +0.0, +0.0, +0.0, +0.0, +0.0, +0.0, +0.0, +0.0, +0.0, +0.0, +0.0, +0.0]
[+0.0, +0.0, +0.0, +0.0, -1.0, +0.0, +4.0, +0.0, -1.0, +0.0, +0.0, +0.0, +0.0, +0.0, +0.0, +0.0, +0.0, +0.0, +0.0, +0.0, +0.0, +0.0, +0.0, +0.0, +0.0, +0.0, +0.0, +0.0, +0.0, +0.0, -1.0, +0.0, -1.0, +0.0, +0.0, +0.0, +0.0, +0.0, +0.0, +0.0, +0.0, +0.0, +0.0, +0.0, +0.0]
[+0.0, +0.0, +0.0, +0.0, +0.0, -1.0, +0.0, +4.0, +0.0, -1.0, +0.0, +0.0, +0.0, +0.0, +0.0, +0.0, +0.0, +0.0, +0.0, +0.0, +0.0, +0.0, +0.0, +0.0, +0.0, +0.0, +0.0, +0.0, +0.0, +0.0, +0.0, +0.0, +0.0, +0.0, -1.0, -1.0, +0.0, +0.0, +0.0, +0.0, +0.0, +0.0, +0.0, +0.0, +0.0]
[+0.0, +0.0, +0.0, +0.0, +0.0, +0.0, -1.0, +0.0, +4.0, +0.0, -1.0, +0.0, +0.0, +0.0, +0.0, +0.0, +0.0, +0.0, +0.0, +0.0, +0.0, +0.0, +0.0, +0.0, +0.0, +0.0, +0.0, +0.0, +0.0, +0.0, +0.0, +0.0, +0.0, -1.0, +0.0, +0.0, +0.0, +0.0, +0.0, +0.0, +0.0, +0.0, +0.0, -1.0, +0.0]
[+0.0, +0.0, +0.0, +0.0, +0.0, +0.0, +0.0, -1.0, +0.0, +2.0, +0.0, -1.0, +0.0, +0.0, +0.0, +0.0, +0.0, +0.0, +0.0, +0.0, +0.0, +0.0, +0.0, +0.0, +0.0, +0.0, +0.0, +0.0, +0.0, +0.0, +0.0, +0.0, +0.0, +0.0, +0.0, +0.0, +0.0, +0.0, +0.0, +0.0, +0.0, +0.0, +0.0, +0.0, +0.0]
[+0.0, +0.0, +0.0, +0.0, +0.0, +0.0, +0.0, +0.0, -1.0, +0.0, +2.0, +0.0, -1.0, +0.0, +0.0, +0.0, +0.0, +0.0, +0.0, +0.0, +0.0, +0.0, +0.0, +0.0, +0.0, +0.0, +0.0, +0.0, +0.0, +0.0, +0.0, +0.0, +0.0, +0.0, +0.0, +0.0, +0.0, +0.0, +0.0, +0.0, +0.0, +0.0, +0.0, +0.0, +0.0]
[+0.0, +0.0, +0.0, +0.0, +0.0, +0.0, +0.0, +0.0, +0.0, -1.0, +0.0, +3.0, +0.0, -1.0, +0.0, +0.0, +0.0, +0.0, +0.0, +0.0, +0.0, +0.0, +0.0, +0.0, +0.0, +0.0, +0.0, +0.0, +0.0, +0.0, +0.0, +0.0, +0.0, +0.0, +0.0, +0.0, +0.0, +0.0, +0.0, +0.0, -1.0, +0.0, +0.0, +0.0, +0.0]
[+0.0, +0.0, +0.0, +0.0, +0.0, +0.0, +0.0, +0.0, +0.0, +0.0, -1.0, +0.0, +2.0, +0.0, -1.0, +0.0, +0.0, +0.0, +0.0, +0.0, +0.0, +0.0, +0.0, +0.0, +0.0, +0.0, +0.0, +0.0, +0.0, +0.0, +0.0, +0.0, +0.0, +0.0, +0.0, +0.0, +0.0, +0.0, +0.0, +0.0, +0.0, +0.0, +0.0, +0.0, +0.0]
[+0.0, +0.0, +0.0, +0.0, +0.0, +0.0, +0.0, +0.0, +0.0, +0.0, +0.0, -1.0, +0.0, +2.0, +0.0, -1.0, +0.0, +0.0, +0.0, +0.0, +0.0, +0.0, +0.0, +0.0, +0.0, +0.0, +0.0, +0.0, +0.0, +0.0, +0.0, +0.0, +0.0, +0.0, +0.0, +0.0, +0.0, +0.0, +0.0, +0.0, +0.0, +0.0, +0.0, +0.0, +0.0]
[+0.0, +0.0, +0.0, +0.0, +0.0, +0.0, +0.0, +0.0, +0.0, +0.0, +0.0, +0.0, -1.0, +0.0, +2.0, +0.0, -1.0, +0.0, +0.0, +0.0, +0.0, +0.0, +0.0, +0.0, +0.0, +0.0, +0.0, +0.0, +0.0, +0.0, +0.0, +0.0, +0.0, +0.0, +0.0, +0.0, +0.0, +0.0, +0.0, +0.0, +0.0, +0.0, +0.0, +0.0, +0.0]
[+0.0, +0.0, +0.0, +0.0, +0.0, +0.0, +0.0, +0.0, +0.0, +0.0, +0.0, +0.0, +0.0, -1.0, +0.0, +2.0, +0.0, -1.0, +0.0, +0.0, +0.0, +0.0, +0.0, +0.0, +0.0, +0.0, +0.0, +0.0, +0.0, +0.0, +0.0, +0.0, +0.0, +0.0, +0.0, +0.0, +0.0, +0.0, +0.0, +0.0, +0.0, +0.0, +0.0, +0.0, +0.0]
[+0.0, +0.0, +0.0, +0.0, +0.0, +0.0, +0.0, +0.0, +0.0, +0.0, +0.0, +0.0, +0.0, +0.0, -1.0, +0.0, +2.0, +0.0, -1.0, +0.0, +0.0, +0.0, +0.0, +0.0, +0.0, +0.0, +0.0, +0.0, +0.0, +0.0, +0.0, +0.0, +0.0, +0.0, +0.0, +0.0, +0.0, +0.0, +0.0, +0.0, +0.0, +0.0, +0.0, +0.0, +0.0]
[+0.0, +0.0, +0.0, +0.0, +0.0, +0.0, +0.0, +0.0, +0.0, +0.0, +0.0, +0.0, +0.0, +0.0, +0.0, -1.0, +0.0, +3.0, +0.0, -1.0, +0.0, +0.0, +0.0, +0.0, +0.0, +0.0, +0.0, +0.0, +0.0, +0.0, +0.0, +0.0, +0.0, +0.0, +0.0, +0.0, +0.0, +0.0, +0.0, +0.0, +0.0, +0.0, +0.0, +0.0, -1.0]
[+0.0, +0.0, +0.0, +0.0, +0.0, +0.0, +0.0, +0.0, +0.0, +0.0, +0.0, +0.0, +0.0, +0.0, +0.0, +0.0, -1.0, +0.0, +4.0, +0.0, -1.0, +0.0, +0.0, +0.0, +0.0, +0.0, +0.0, +0.0, +0.0, +0.0, +0.0, -1.0, +0.0, +0.0, +0.0, +0.0, +0.0, +0.0, +0.0, +0.0, +0.0, -1.0, +0.0, +0.0, +0.0]
[+0.0, +0.0, +0.0, +0.0, +0.0, +0.0, +0.0, +0.0, +0.0, +0.0, +0.0, +0.0, +0.0, +0.0, +0.0, +0.0, +0.0, -1.0, +0.0, +4.0, +0.0, -1.0, +0.0, +0.0, +0.0, +0.0, +0.0, +0.0, +0.0, +0.0, +0.0, +0.0, +0.0, +0.0, +0.0, +0.0, -1.0, +0.0, +0.0, +0.0, +0.0, +0.0, -1.0, +0.0, +0.0]
[+0.0, +0.0, +0.0, +0.0, +0.0, +0.0, +0.0, +0.0, +0.0, +0.0, +0.0, +0.0, +0.0, +0.0, +0.0, +0.0, +0.0, +0.0, -1.0, +0.0, +2.0, +0.0, -1.0, +0.0, +0.0, +0.0, +0.0, +0.0, +0.0, +0.0, +0.0, +0.0, +0.0, +0.0, +0.0, +0.0, +0.0, +0.0, +0.0, +0.0, +0.0, +0.0, +0.0, +0.0, +0.0]
[+0.0, +0.0, +0.0, +0.0, +0.0, +0.0, +0.0, +0.0, +0.0, +0.0, +0.0, +0.0, +0.0, +0.0, +0.0, +0.0, +0.0, +0.0, +0.0, -1.0, +0.0, +2.0, +0.0, -1.0, +0.0, +0.0, +0.0, +0.0, +0.0, +0.0, +0.0, +0.0, +0.0, +0.0, +0.0, +0.0, +0.0, +0.0, +0.0, +0.0, +0.0, +0.0, +0.0, +0.0, +0.0]
[+0.0, +0.0, +0.0, +0.0, +0.0, +0.0, +0.0, +0.0, +0.0, +0.0, +0.0, +0.0, +0.0, +0.0, +0.0, +0.0, +0.0, +0.0, +0.0, +0.0, -1.0, +0.0, +2.0, +0.0, -1.0, +0.0, +0.0, +0.0, +0.0, +0.0, +0.0, +0.0, +0.0, +0.0, +0.0, +0.0, +0.0, +0.0, +0.0, +0.0, +0.0, +0.0, +0.0, +0.0, +0.0]
[+0.0, +0.0, +0.0, +0.0, +0.0, +0.0, +0.0, +0.0, +0.0, +0.0, +0.0, +0.0, +0.0, +0.0, +0.0, +0.0, +0.0, +0.0, +0.0, +0.0, +0.0, -1.0, +0.0, +2.0, +0.0, -1.0, +0.0, +0.0, +0.0, +0.0, +0.0, +0.0, +0.0, +0.0, +0.0, +0.0, +0.0, +0.0, +0.0, +0.0, +0.0, +0.0, +0.0, +0.0, +0.0]
[+0.0, +0.0, +0.0, +0.0, +0.0, +0.0, +0.0, +0.0, +0.0, +0.0, +0.0, +0.0, +0.0, +0.0, +0.0, +0.0, +0.0, +0.0, +0.0, +0.0, +0.0, +0.0, -1.0, +0.0, +3.0, +0.0, -1.0, +0.0, +0.0, +0.0, +0.0, +0.0, +0.0, +0.0, +0.0, +0.0, +0.0, +0.0, +0.0, +0.0, -1.0, +0.0, +0.0, +0.0, +0.0]
[+0.0, +0.0, +0.0, +0.0, +0.0, +0.0, +0.0, +0.0, +0.0, +0.0, +0.0, +0.0, +0.0, +0.0, +0.0, +0.0, +0.0, +0.0, +0.0, +0.0, +0.0, +0.0, +0.0, -1.0, +0.0, +2.0, +0.0, -1.0, +0.0, +0.0, +0.0, +0.0, +0.0, +0.0, +0.0, +0.0, +0.0, +0.0, +0.0, +0.0, +0.0, +0.0, +0.0, +0.0, +0.0]
[+0.0, +0.0, +0.0, +0.0, +0.0, +0.0, +0.0, +0.0, +0.0, +0.0, +0.0, +0.0, +0.0, +0.0, +0.0, +0.0, +0.0, +0.0, +0.0, +0.0, +0.0, +0.0, +0.0, +0.0, -1.0, +0.0, +2.0, +0.0, -1.0, +0.0, +0.0, +0.0, +0.0, +0.0, +0.0, +0.0, +0.0, +0.0, +0.0, +0.0, +0.0, +0.0, +0.0, +0.0, +0.0]
[+0.0, +0.0, +0.0, +0.0, +0.0, +0.0, +0.0, +0.0, +0.0, +0.0, +0.0, +0.0, +0.0, +0.0, +0.0, +0.0, +0.0, +0.0, +0.0, +0.0, +0.0, +0.0, +0.0, +0.0, +0.0, -1.0, +0.0, +2.0, +0.0, -1.0, +0.0, +0.0, +0.0, +0.0, +0.0, +0.0, +0.0, +0.0, +0.0, +0.0, +0.0, +0.0, +0.0, +0.0, +0.0]
[+0.0, +0.0, +0.0, +0.0, +0.0, +0.0, +0.0, +0.0, +0.0, +0.0, +0.0, +0.0, +0.0, +0.0, +0.0, +0.0, +0.0, +0.0, +0.0, +0.0, +0.0, +0.0, +0.0, +0.0, +0.0, +0.0, -1.0, +0.0, +4.0, +0.0, -1.0, +0.0, +0.0, +0.0, +0.0, +0.0, +0.0, -1.0, -1.0, +0.0, +0.0, +0.0, +0.0, +0.0, +0.0]
[+0.0, +0.0, +0.0, +0.0, +0.0, +0.0, +0.0, +0.0, +0.0, +0.0, +0.0, +0.0, +0.0, +0.0, +0.0, +0.0, +0.0, +0.0, +0.0, +0.0, +0.0, +0.0, +0.0, +0.0, +0.0, +0.0, +0.0, -1.0, +0.0, +1.0, +0.0, +0.0, +0.0, +0.0, +0.0, +0.0, +0.0, +0.0, +0.0, +0.0, +0.0, +0.0, +0.0, +0.0, +0.0]
[+0.0, +0.0, +0.0, +0.0, +0.0, +0.0, -1.0, +0.0, +0.0, +0.0, +0.0, +0.0, +0.0, +0.0, +0.0, +0.0, +0.0, +0.0, +0.0, +0.0, +0.0, +0.0, +0.0, +0.0, +0.0, +0.0, +0.0, +0.0, -1.0, +0.0, +2.0, +0.0, +0.0, +0.0, +0.0, +0.0, +0.0, +0.0, +0.0, +0.0, +0.0, +0.0, +0.0, +0.0, +0.0]
[+0.0, +0.0, +0.0, +0.0, +0.0, +0.0, +0.0, +0.0, +0.0, +0.0, +0.0, +0.0, +0.0, +0.0, +0.0, +0.0, +0.0, +0.0, -1.0, +0.0, +0.0, +0.0, +0.0, +0.0, +0.0, +0.0, +0.0, +0.0, +0.0, +0.0, +0.0, +1.0, +0.0, +0.0, +0.0, +0.0, +0.0, +0.0, +0.0, +0.0, +0.0, +0.0, +0.0, +0.0, +0.0]
[+0.0, +0.0, +0.0, +0.0, +0.0, +0.0, -1.0, +0.0, +0.0, +0.0, +0.0, +0.0, +0.0, +0.0, +0.0, +0.0, +0.0, +0.0, +0.0, +0.0, +0.0, +0.0, +0.0, +0.0, +0.0, +0.0, +0.0, +0.0, +0.0, +0.0, +0.0, +0.0, +1.0, +0.0, +0.0, +0.0, +0.0, +0.0, +0.0, +0.0, +0.0, +0.0, +0.0, +0.0, +0.0]
[+0.0, +0.0, +0.0, +0.0, +0.0, +0.0, +0.0, +0.0, -1.0, +0.0, +0.0, +0.0, +0.0, +0.0, +0.0, +0.0, +0.0, +0.0, +0.0, +0.0, +0.0, +0.0, +0.0, +0.0, +0.0, +0.0, +0.0, +0.0, +0.0, +0.0, +0.0, +0.0, +0.0, +1.0, +0.0, +0.0, +0.0, +0.0, +0.0, +0.0, +0.0, +0.0, +0.0, +0.0, +0.0]
[+0.0, +0.0, +0.0, +0.0, +0.0, +0.0, +0.0, -1.0, +0.0, +0.0, +0.0, +0.0, +0.0, +0.0, +0.0, +0.0, +0.0, +0.0, +0.0, +0.0, +0.0, +0.0, +0.0, +0.0, +0.0, +0.0, +0.0, +0.0, +0.0, +0.0, +0.0, +0.0, +0.0, +0.0, +1.0, +0.0, +0.0, +0.0, +0.0, +0.0, +0.0, +0.0, +0.0, +0.0, +0.0]
[+0.0, +0.0, +0.0, +0.0, +0.0, +0.0, +0.0, -1.0, +0.0, +0.0, +0.0, +0.0, +0.0, +0.0, +0.0, +0.0, +0.0, +0.0, +0.0, +0.0, +0.0, +0.0, +0.0, +0.0, +0.0, +0.0, +0.0, +0.0, +0.0, +0.0, +0.0, +0.0, +0.0, +0.0, +0.0, +1.0, +0.0, +0.0, +0.0, +0.0, +0.0, +0.0, +0.0, +0.0, +0.0]
[+0.0, +0.0, +0.0, +0.0, +0.0, +0.0, +0.0, +0.0, +0.0, +0.0, +0.0, +0.0, +0.0, +0.0, +0.0, +0.0, +0.0, +0.0, +0.0, -1.0, +0.0, +0.0, +0.0, +0.0, +0.0, +0.0, +0.0, +0.0, +0.0, +0.0, +0.0, +0.0, +0.0, +0.0, +0.0, +0.0, +1.0, +0.0, +0.0, +0.0, +0.0, +0.0, +0.0, +0.0, +0.0]
[+0.0, +0.0, +0.0, +0.0, +0.0, +0.0, +0.0, +0.0, +0.0, +0.0, +0.0, +0.0, +0.0, +0.0, +0.0, +0.0, +0.0, +0.0, +0.0, +0.0, +0.0, +0.0, +0.0, +0.0, +0.0, +0.0, +0.0, +0.0, -1.0, +0.0, +0.0, +0.0, +0.0, +0.0, +0.0, +0.0, +0.0, +1.0, +0.0, +0.0, +0.0, +0.0, +0.0, +0.0, +0.0]
[+0.0, +0.0, +0.0, +0.0, +0.0, +0.0, +0.0, +0.0, +0.0, +0.0, +0.0, +0.0, +0.0, +0.0, +0.0, +0.0, +0.0, +0.0, +0.0, +0.0, +0.0, +0.0, +0.0, +0.0, +0.0, +0.0, +0.0, +0.0, -1.0, +0.0, +0.0, +0.0, +0.0, +0.0, +0.0, +0.0, +0.0, +0.0, +1.0, +0.0, +0.0, +0.0, +0.0, +0.0, +0.0]
[+0.0, -1.0, +0.0, +0.0, +0.0, +0.0, +0.0, +0.0, +0.0, +0.0, +0.0, +0.0, +0.0, +0.0, +0.0, +0.0, +0.0, +0.0, +0.0, +0.0, +0.0, +0.0, +0.0, +0.0, +0.0, +0.0, +0.0, +0.0, +0.0, +0.0, +0.0, +0.0, +0.0, +0.0, +0.0, +0.0, +0.0, +0.0, +0.0, +1.0, +0.0, +0.0, +0.0, +0.0, +0.0]
[+0.0, +0.0, +0.0, +0.0, +0.0, +0.0, +0.0, +0.0, +0.0, +0.0, +0.0, -1.0, +0.0, +0.0, +0.0, +0.0, +0.0, +0.0, +0.0, +0.0, +0.0, +0.0, +0.0, +0.0, -1.0, +0.0, +0.0, +0.0, +0.0, +0.0, +0.0, +0.0, +0.0, +0.0, +0.0, +0.0, +0.0, +0.0, +0.0, +0.0, +2.0, +0.0, +0.0, +0.0, +0.0]
[+0.0, +0.0, +0.0, +0.0, +0.0, +0.0, +0.0, +0.0, +0.0, +0.0, +0.0, +0.0, +0.0, +0.0, +0.0, +0.0, +0.0, +0.0, -1.0, +0.0, +0.0, +0.0, +0.0, +0.0, +0.0, +0.0, +0.0, +0.0, +0.0, +0.0, +0.0, +0.0, +0.0, +0.0, +0.0, +0.0, +0.0, +0.0, +0.0, +0.0, +0.0, +1.0, +0.0, +0.0, +0.0]
[+0.0, +0.0, +0.0, +0.0, +0.0, +0.0, +0.0, +0.0, +0.0, +0.0, +0.0, +0.0, +0.0, +0.0, +0.0, +0.0, +0.0, +0.0, +0.0, -1.0, +0.0, +0.0, +0.0, +0.0, +0.0, +0.0, +0.0, +0.0, +0.0, +0.0, +0.0, +0.0, +0.0, +0.0, +0.0, +0.0, +0.0, +0.0, +0.0, +0.0, +0.0, +0.0, +1.0, +0.0, +0.0]
[+0.0, +0.0, +0.0, +0.0, +0.0, +0.0, +0.0, +0.0, -1.0, +0.0, +0.0, +0.0, +0.0, +0.0, +0.0, +0.0, +0.0, +0.0, +0.0, +0.0, +0.0, +0.0, +0.0, +0.0, +0.0, +0.0, +0.0, +0.0, +0.0, +0.0, +0.0, +0.0, +0.0, +0.0, +0.0, +0.0, +0.0, +0.0, +0.0, +0.0, +0.0, +0.0, +0.0, +1.0, +0.0]
[+0.0, +0.0, -1.0, +0.0, +0.0, +0.0, +0.0, +0.0, +0.0, +0.0, +0.0, +0.0, +0.0, +0.0, +0.0, +0.0, +0.0, -1.0, +0.0, +0.0, +0.0, +0.0, +0.0, +0.0, +0.0, +0.0, +0.0, +0.0, +0.0, +0.0, +0.0, +0.0, +0.0, +0.0, +0.0, +0.0, +0.0, +0.0, +0.0, +0.0, +0.0, +0.0, +0.0, +0.0, +2.0]


num_landmarks      = 15        # number of landmarks
N                  = 30       # time steps
world_size         = 100.0    # size of world
measurement_range  = 20.0     # range at which we can sense landmarks
motion_noise       = 1.0      # noise in robot motion
measurement_noise  = 1.0      # noise in the measurements
distance           = 20.0     # distance by which robot (intends to) move each iteratation 
i=3, landmark #3 seen at 9.497,-0.721. lm_ix,y=-12,-11
i=5, landmark #1 seen at -12.024,6.270. lm_ix,y=-14,-13
i=5, landmark #6 seen at -7.133,4.610. lm_ix,y=-9,-8
i=7, landmark #11 seen at -15.723,3.669. lm_ix,y=-4,-3
i=8, landmark #11 seen at 4.534,1.531. lm_ix,y=-4,-3
i=9, landmark #12 seen at 7.617,-11.824. lm_ix,y=-3,-2
i=9, landmark #13 seen at 1.164,-4.513. lm_ix,y=-2,-1
i=9, landmark #14 seen at -2.886,-11.613. lm_ix,y=-1,0
i=10, landmark #2 seen at 1.378,4.172. lm_ix,y=-13,-12
i=11, landmark #0 seen at -4.484,-15.361. lm_ix,y=-15,-14
i=11, landmark #5 seen at -6.084,4.764. lm_ix,y=-10,-9
i=12, landmark #0 seen at -10.662,4.609. lm_ix,y=-15,-14
i=12, landmark #8 seen at -9.783,-3.979. lm_ix,y=-7,-6
i=14, landmark #7 seen at -1.399,-0.248. lm_ix,y=-8,-7
i=15, landmark #9 seen at -3.134,-14.886. lm_ix,y=-6,-5
i=15, landmark #10 seen at 5.811,9.227. lm_ix,y=-5,-4
i=16, landmark #10 seen at -9.506,-4.859. lm_ix,y=-5,-4
i=18, landmark #1 seen at -0.343,0.083. lm_ix,y=-14,-13
i=18, landmark #6 seen at 5.312,-3.279. lm_ix,y=-9,-8
i=20, landmark #11 seen at -8.895,5.600. lm_ix,y=-4,-3
i=21, landmark #6 seen at -5.790,-13.756. lm_ix,y=-9,-8
i=22, landmark #6 seen at -11.789,6.281. lm_ix,y=-9,-8
i=23, landmark #1 seen at 0.915,8.393. lm_ix,y=-14,-13
i=23, landmark #6 seen at 7.546,7.718. lm_ix,y=-9,-8
i=25, landmark #7 seen at -9.392,-6.136. lm_ix,y=-8,-7
i=26, landmark #7 seen at 9.744,-6.454. lm_ix,y=-8,-7
i=27, landmark #4 seen at -12.734,3.031. lm_ix,y=-11,-10
i=27, landmark #8 seen at -6.605,9.984. lm_ix,y=-7,-6
i=28, landmark #0 seen at -4.391,-1.119. lm_ix,y=-15,-14
i=28, landmark #8 seen at -3.804,-8.867. lm_ix,y=-7,-6
omega
[+2.0, +0.0, -1.0, +0.0, +0.0, +0.0, +0.0, +0.0, +0.0, +0.0, +0.0, +0.0, +0.0, +0.0, +0.0, +0.0, +0.0, +0.0, +0.0, +0.0, +0.0, +0.0, +0.0, +0.0, +0.0, +0.0, +0.0, +0.0, +0.0, +0.0, +0.0, +0.0, +0.0, +0.0, +0.0, +0.0, +0.0, +0.0, +0.0, +0.0, +0.0, +0.0, +0.0, +0.0, +0.0]
[+0.0, +2.0, +0.0, -1.0, +0.0, +0.0, +0.0, +0.0, +0.0, +0.0, +0.0, +0.0, +0.0, +0.0, +0.0, +0.0, +0.0, +0.0, +0.0, +0.0, +0.0, +0.0, +0.0, +0.0, +0.0, +0.0, +0.0, +0.0, +0.0, +0.0, +0.0, +0.0, +0.0, +0.0, +0.0, +0.0, +0.0, +0.0, +0.0, +0.0, +0.0, +0.0, +0.0, +0.0, +0.0]
[-1.0, +0.0, +2.0, +0.0, -1.0, +0.0, +0.0, +0.0, +0.0, +0.0, +0.0, +0.0, +0.0, +0.0, +0.0, +0.0, +0.0, +0.0, +0.0, +0.0, +0.0, +0.0, +0.0, +0.0, +0.0, +0.0, +0.0, +0.0, +0.0, +0.0, +0.0, +0.0, +0.0, +0.0, +0.0, +0.0, +0.0, +0.0, +0.0, +0.0, +0.0, +0.0, +0.0, +0.0, +0.0]
[+0.0, -1.0, +0.0, +3.0, +0.0, -1.0, +0.0, +0.0, +0.0, +0.0, +0.0, +0.0, +0.0, +0.0, +0.0, +0.0, +0.0, +0.0, +0.0, +0.0, +0.0, +0.0, +0.0, +0.0, +0.0, +0.0, +0.0, +0.0, +0.0, +0.0, +0.0, +0.0, +0.0, -1.0, +0.0, +0.0, +0.0, +0.0, +0.0, +0.0, +0.0, +0.0, +0.0, +0.0, +0.0]
[+0.0, +0.0, -1.0, +0.0, +2.0, +0.0, -1.0, +0.0, +0.0, +0.0, +0.0, +0.0, +0.0, +0.0, +0.0, +0.0, +0.0, +0.0, +0.0, +0.0, +0.0, +0.0, +0.0, +0.0, +0.0, +0.0, +0.0, +0.0, +0.0, +0.0, +0.0, +0.0, +0.0, +0.0, +0.0, +0.0, +0.0, +0.0, +0.0, +0.0, +0.0, +0.0, +0.0, +0.0, +0.0]
[+0.0, +0.0, +0.0, -1.0, +0.0, +4.0, +0.0, -1.0, +0.0, +0.0, +0.0, +0.0, +0.0, +0.0, +0.0, +0.0, +0.0, +0.0, +0.0, +0.0, +0.0, +0.0, +0.0, +0.0, +0.0, +0.0, +0.0, +0.0, +0.0, +0.0, +0.0, -1.0, +0.0, +0.0, +0.0, +0.0, -1.0, +0.0, +0.0, +0.0, +0.0, +0.0, +0.0, +0.0, +0.0]
[+0.0, +0.0, +0.0, +0.0, -1.0, +0.0, +2.0, +0.0, -1.0, +0.0, +0.0, +0.0, +0.0, +0.0, +0.0, +0.0, +0.0, +0.0, +0.0, +0.0, +0.0, +0.0, +0.0, +0.0, +0.0, +0.0, +0.0, +0.0, +0.0, +0.0, +0.0, +0.0, +0.0, +0.0, +0.0, +0.0, +0.0, +0.0, +0.0, +0.0, +0.0, +0.0, +0.0, +0.0, +0.0]
[+0.0, +0.0, +0.0, +0.0, +0.0, -1.0, +0.0, +3.0, +0.0, -1.0, +0.0, +0.0, +0.0, +0.0, +0.0, +0.0, +0.0, +0.0, +0.0, +0.0, +0.0, +0.0, +0.0, +0.0, +0.0, +0.0, +0.0, +0.0, +0.0, +0.0, +0.0, +0.0, +0.0, +0.0, +0.0, +0.0, +0.0, +0.0, +0.0, +0.0, +0.0, -1.0, +0.0, +0.0, +0.0]
[+0.0, +0.0, +0.0, +0.0, +0.0, +0.0, -1.0, +0.0, +3.0, +0.0, -1.0, +0.0, +0.0, +0.0, +0.0, +0.0, +0.0, +0.0, +0.0, +0.0, +0.0, +0.0, +0.0, +0.0, +0.0, +0.0, +0.0, +0.0, +0.0, +0.0, +0.0, +0.0, +0.0, +0.0, +0.0, +0.0, +0.0, +0.0, +0.0, +0.0, +0.0, -1.0, +0.0, +0.0, +0.0]
[+0.0, +0.0, +0.0, +0.0, +0.0, +0.0, +0.0, -1.0, +0.0, +5.0, +0.0, -1.0, +0.0, +0.0, +0.0, +0.0, +0.0, +0.0, +0.0, +0.0, +0.0, +0.0, +0.0, +0.0, +0.0, +0.0, +0.0, +0.0, +0.0, +0.0, +0.0, +0.0, +0.0, +0.0, +0.0, +0.0, +0.0, +0.0, +0.0, +0.0, +0.0, +0.0, -1.0, -1.0, -1.0]
[+0.0, +0.0, +0.0, +0.0, +0.0, +0.0, +0.0, +0.0, -1.0, +0.0, +3.0, +0.0, -1.0, +0.0, +0.0, +0.0, +0.0, +0.0, +0.0, +0.0, +0.0, +0.0, +0.0, +0.0, +0.0, +0.0, +0.0, +0.0, +0.0, +0.0, +0.0, +0.0, -1.0, +0.0, +0.0, +0.0, +0.0, +0.0, +0.0, +0.0, +0.0, +0.0, +0.0, +0.0, +0.0]
[+0.0, +0.0, +0.0, +0.0, +0.0, +0.0, +0.0, +0.0, +0.0, -1.0, +0.0, +4.0, +0.0, -1.0, +0.0, +0.0, +0.0, +0.0, +0.0, +0.0, +0.0, +0.0, +0.0, +0.0, +0.0, +0.0, +0.0, +0.0, +0.0, +0.0, -1.0, +0.0, +0.0, +0.0, +0.0, -1.0, +0.0, +0.0, +0.0, +0.0, +0.0, +0.0, +0.0, +0.0, +0.0]
[+0.0, +0.0, +0.0, +0.0, +0.0, +0.0, +0.0, +0.0, +0.0, +0.0, -1.0, +0.0, +4.0, +0.0, -1.0, +0.0, +0.0, +0.0, +0.0, +0.0, +0.0, +0.0, +0.0, +0.0, +0.0, +0.0, +0.0, +0.0, +0.0, +0.0, -1.0, +0.0, +0.0, +0.0, +0.0, +0.0, +0.0, +0.0, -1.0, +0.0, +0.0, +0.0, +0.0, +0.0, +0.0]
[+0.0, +0.0, +0.0, +0.0, +0.0, +0.0, +0.0, +0.0, +0.0, +0.0, +0.0, -1.0, +0.0, +2.0, +0.0, -1.0, +0.0, +0.0, +0.0, +0.0, +0.0, +0.0, +0.0, +0.0, +0.0, +0.0, +0.0, +0.0, +0.0, +0.0, +0.0, +0.0, +0.0, +0.0, +0.0, +0.0, +0.0, +0.0, +0.0, +0.0, +0.0, +0.0, +0.0, +0.0, +0.0]
[+0.0, +0.0, +0.0, +0.0, +0.0, +0.0, +0.0, +0.0, +0.0, +0.0, +0.0, +0.0, -1.0, +0.0, +3.0, +0.0, -1.0, +0.0, +0.0, +0.0, +0.0, +0.0, +0.0, +0.0, +0.0, +0.0, +0.0, +0.0, +0.0, +0.0, +0.0, +0.0, +0.0, +0.0, +0.0, +0.0, +0.0, -1.0, +0.0, +0.0, +0.0, +0.0, +0.0, +0.0, +0.0]
[+0.0, +0.0, +0.0, +0.0, +0.0, +0.0, +0.0, +0.0, +0.0, +0.0, +0.0, +0.0, +0.0, -1.0, +0.0, +4.0, +0.0, -1.0, +0.0, +0.0, +0.0, +0.0, +0.0, +0.0, +0.0, +0.0, +0.0, +0.0, +0.0, +0.0, +0.0, +0.0, +0.0, +0.0, +0.0, +0.0, +0.0, +0.0, +0.0, -1.0, -1.0, +0.0, +0.0, +0.0, +0.0]
[+0.0, +0.0, +0.0, +0.0, +0.0, +0.0, +0.0, +0.0, +0.0, +0.0, +0.0, +0.0, +0.0, +0.0, -1.0, +0.0, +3.0, +0.0, -1.0, +0.0, +0.0, +0.0, +0.0, +0.0, +0.0, +0.0, +0.0, +0.0, +0.0, +0.0, +0.0, +0.0, +0.0, +0.0, +0.0, +0.0, +0.0, +0.0, +0.0, +0.0, -1.0, +0.0, +0.0, +0.0, +0.0]
[+0.0, +0.0, +0.0, +0.0, +0.0, +0.0, +0.0, +0.0, +0.0, +0.0, +0.0, +0.0, +0.0, +0.0, +0.0, -1.0, +0.0, +2.0, +0.0, -1.0, +0.0, +0.0, +0.0, +0.0, +0.0, +0.0, +0.0, +0.0, +0.0, +0.0, +0.0, +0.0, +0.0, +0.0, +0.0, +0.0, +0.0, +0.0, +0.0, +0.0, +0.0, +0.0, +0.0, +0.0, +0.0]
[+0.0, +0.0, +0.0, +0.0, +0.0, +0.0, +0.0, +0.0, +0.0, +0.0, +0.0, +0.0, +0.0, +0.0, +0.0, +0.0, -1.0, +0.0, +4.0, +0.0, -1.0, +0.0, +0.0, +0.0, +0.0, +0.0, +0.0, +0.0, +0.0, +0.0, +0.0, -1.0, +0.0, +0.0, +0.0, +0.0, -1.0, +0.0, +0.0, +0.0, +0.0, +0.0, +0.0, +0.0, +0.0]
[+0.0, +0.0, +0.0, +0.0, +0.0, +0.0, +0.0, +0.0, +0.0, +0.0, +0.0, +0.0, +0.0, +0.0, +0.0, +0.0, +0.0, -1.0, +0.0, +2.0, +0.0, -1.0, +0.0, +0.0, +0.0, +0.0, +0.0, +0.0, +0.0, +0.0, +0.0, +0.0, +0.0, +0.0, +0.0, +0.0, +0.0, +0.0, +0.0, +0.0, +0.0, +0.0, +0.0, +0.0, +0.0]
[+0.0, +0.0, +0.0, +0.0, +0.0, +0.0, +0.0, +0.0, +0.0, +0.0, +0.0, +0.0, +0.0, +0.0, +0.0, +0.0, +0.0, +0.0, -1.0, +0.0, +3.0, +0.0, -1.0, +0.0, +0.0, +0.0, +0.0, +0.0, +0.0, +0.0, +0.0, +0.0, +0.0, +0.0, +0.0, +0.0, +0.0, +0.0, +0.0, +0.0, +0.0, -1.0, +0.0, +0.0, +0.0]
[+0.0, +0.0, +0.0, +0.0, +0.0, +0.0, +0.0, +0.0, +0.0, +0.0, +0.0, +0.0, +0.0, +0.0, +0.0, +0.0, +0.0, +0.0, +0.0, -1.0, +0.0, +3.0, +0.0, -1.0, +0.0, +0.0, +0.0, +0.0, +0.0, +0.0, +0.0, +0.0, +0.0, +0.0, +0.0, +0.0, -1.0, +0.0, +0.0, +0.0, +0.0, +0.0, +0.0, +0.0, +0.0]
[+0.0, +0.0, +0.0, +0.0, +0.0, +0.0, +0.0, +0.0, +0.0, +0.0, +0.0, +0.0, +0.0, +0.0, +0.0, +0.0, +0.0, +0.0, +0.0, +0.0, -1.0, +0.0, +3.0, +0.0, -1.0, +0.0, +0.0, +0.0, +0.0, +0.0, +0.0, +0.0, +0.0, +0.0, +0.0, +0.0, -1.0, +0.0, +0.0, +0.0, +0.0, +0.0, +0.0, +0.0, +0.0]
[+0.0, +0.0, +0.0, +0.0, +0.0, +0.0, +0.0, +0.0, +0.0, +0.0, +0.0, +0.0, +0.0, +0.0, +0.0, +0.0, +0.0, +0.0, +0.0, +0.0, +0.0, -1.0, +0.0, +4.0, +0.0, -1.0, +0.0, +0.0, +0.0, +0.0, +0.0, -1.0, +0.0, +0.0, +0.0, +0.0, -1.0, +0.0, +0.0, +0.0, +0.0, +0.0, +0.0, +0.0, +0.0]
[+0.0, +0.0, +0.0, +0.0, +0.0, +0.0, +0.0, +0.0, +0.0, +0.0, +0.0, +0.0, +0.0, +0.0, +0.0, +0.0, +0.0, +0.0, +0.0, +0.0, +0.0, +0.0, -1.0, +0.0, +2.0, +0.0, -1.0, +0.0, +0.0, +0.0, +0.0, +0.0, +0.0, +0.0, +0.0, +0.0, +0.0, +0.0, +0.0, +0.0, +0.0, +0.0, +0.0, +0.0, +0.0]
[+0.0, +0.0, +0.0, +0.0, +0.0, +0.0, +0.0, +0.0, +0.0, +0.0, +0.0, +0.0, +0.0, +0.0, +0.0, +0.0, +0.0, +0.0, +0.0, +0.0, +0.0, +0.0, +0.0, -1.0, +0.0, +3.0, +0.0, -1.0, +0.0, +0.0, +0.0, +0.0, +0.0, +0.0, +0.0, +0.0, +0.0, -1.0, +0.0, +0.0, +0.0, +0.0, +0.0, +0.0, +0.0]
[+0.0, +0.0, +0.0, +0.0, +0.0, +0.0, +0.0, +0.0, +0.0, +0.0, +0.0, +0.0, +0.0, +0.0, +0.0, +0.0, +0.0, +0.0, +0.0, +0.0, +0.0, +0.0, +0.0, +0.0, -1.0, +0.0, +3.0, +0.0, -1.0, +0.0, +0.0, +0.0, +0.0, +0.0, +0.0, +0.0, +0.0, -1.0, +0.0, +0.0, +0.0, +0.0, +0.0, +0.0, +0.0]
[+0.0, +0.0, +0.0, +0.0, +0.0, +0.0, +0.0, +0.0, +0.0, +0.0, +0.0, +0.0, +0.0, +0.0, +0.0, +0.0, +0.0, +0.0, +0.0, +0.0, +0.0, +0.0, +0.0, +0.0, +0.0, -1.0, +0.0, +4.0, +0.0, -1.0, +0.0, +0.0, +0.0, +0.0, -1.0, +0.0, +0.0, +0.0, -1.0, +0.0, +0.0, +0.0, +0.0, +0.0, +0.0]
[+0.0, +0.0, +0.0, +0.0, +0.0, +0.0, +0.0, +0.0, +0.0, +0.0, +0.0, +0.0, +0.0, +0.0, +0.0, +0.0, +0.0, +0.0, +0.0, +0.0, +0.0, +0.0, +0.0, +0.0, +0.0, +0.0, -1.0, +0.0, +4.0, +0.0, -2.0, +0.0, +0.0, +0.0, +0.0, +0.0, +0.0, +0.0, -1.0, +0.0, +0.0, +0.0, +0.0, +0.0, +0.0]
[+0.0, +0.0, +0.0, +0.0, +0.0, +0.0, +0.0, +0.0, +0.0, +0.0, +0.0, +0.0, +0.0, +0.0, +0.0, +0.0, +0.0, +0.0, +0.0, +0.0, +0.0, +0.0, +0.0, +0.0, +0.0, +0.0, +0.0, -1.0, +0.0, +1.0, +0.0, +0.0, +0.0, +0.0, +0.0, +0.0, +0.0, +0.0, +0.0, +0.0, +0.0, +0.0, +0.0, +0.0, +0.0]
[+0.0, +0.0, +0.0, +0.0, +0.0, +0.0, +0.0, +0.0, +0.0, +0.0, +0.0, -1.0, -1.0, +0.0, +0.0, +0.0, +0.0, +0.0, +0.0, +0.0, +0.0, +0.0, +0.0, +0.0, +0.0, +0.0, +0.0, +0.0, -2.0, +0.0, +4.0, +0.0, +0.0, +0.0, +0.0, +0.0, +0.0, +0.0, +0.0, +0.0, +0.0, +0.0, +0.0, +0.0, +0.0]
[+0.0, +0.0, +0.0, +0.0, +0.0, -1.0, +0.0, +0.0, +0.0, +0.0, +0.0, +0.0, +0.0, +0.0, +0.0, +0.0, +0.0, +0.0, -1.0, +0.0, +0.0, +0.0, +0.0, -1.0, +0.0, +0.0, +0.0, +0.0, +0.0, +0.0, +0.0, +3.0, +0.0, +0.0, +0.0, +0.0, +0.0, +0.0, +0.0, +0.0, +0.0, +0.0, +0.0, +0.0, +0.0]
[+0.0, +0.0, +0.0, +0.0, +0.0, +0.0, +0.0, +0.0, +0.0, +0.0, -1.0, +0.0, +0.0, +0.0, +0.0, +0.0, +0.0, +0.0, +0.0, +0.0, +0.0, +0.0, +0.0, +0.0, +0.0, +0.0, +0.0, +0.0, +0.0, +0.0, +0.0, +0.0, +1.0, +0.0, +0.0, +0.0, +0.0, +0.0, +0.0, +0.0, +0.0, +0.0, +0.0, +0.0, +0.0]
[+0.0, +0.0, +0.0, -1.0, +0.0, +0.0, +0.0, +0.0, +0.0, +0.0, +0.0, +0.0, +0.0, +0.0, +0.0, +0.0, +0.0, +0.0, +0.0, +0.0, +0.0, +0.0, +0.0, +0.0, +0.0, +0.0, +0.0, +0.0, +0.0, +0.0, +0.0, +0.0, +0.0, +1.0, +0.0, +0.0, +0.0, +0.0, +0.0, +0.0, +0.0, +0.0, +0.0, +0.0, +0.0]
[+0.0, +0.0, +0.0, +0.0, +0.0, +0.0, +0.0, +0.0, +0.0, +0.0, +0.0, +0.0, +0.0, +0.0, +0.0, +0.0, +0.0, +0.0, +0.0, +0.0, +0.0, +0.0, +0.0, +0.0, +0.0, +0.0, +0.0, -1.0, +0.0, +0.0, +0.0, +0.0, +0.0, +0.0, +1.0, +0.0, +0.0, +0.0, +0.0, +0.0, +0.0, +0.0, +0.0, +0.0, +0.0]
[+0.0, +0.0, +0.0, +0.0, +0.0, +0.0, +0.0, +0.0, +0.0, +0.0, +0.0, -1.0, +0.0, +0.0, +0.0, +0.0, +0.0, +0.0, +0.0, +0.0, +0.0, +0.0, +0.0, +0.0, +0.0, +0.0, +0.0, +0.0, +0.0, +0.0, +0.0, +0.0, +0.0, +0.0, +0.0, +1.0, +0.0, +0.0, +0.0, +0.0, +0.0, +0.0, +0.0, +0.0, +0.0]
[+0.0, +0.0, +0.0, +0.0, +0.0, -1.0, +0.0, +0.0, +0.0, +0.0, +0.0, +0.0, +0.0, +0.0, +0.0, +0.0, +0.0, +0.0, -1.0, +0.0, +0.0, -1.0, -1.0, -1.0, +0.0, +0.0, +0.0, +0.0, +0.0, +0.0, +0.0, +0.0, +0.0, +0.0, +0.0, +0.0, +5.0, +0.0, +0.0, +0.0, +0.0, +0.0, +0.0, +0.0, +0.0]
[+0.0, +0.0, +0.0, +0.0, +0.0, +0.0, +0.0, +0.0, +0.0, +0.0, +0.0, +0.0, +0.0, +0.0, -1.0, +0.0, +0.0, +0.0, +0.0, +0.0, +0.0, +0.0, +0.0, +0.0, +0.0, -1.0, -1.0, +0.0, +0.0, +0.0, +0.0, +0.0, +0.0, +0.0, +0.0, +0.0, +0.0, +3.0, +0.0, +0.0, +0.0, +0.0, +0.0, +0.0, +0.0]
[+0.0, +0.0, +0.0, +0.0, +0.0, +0.0, +0.0, +0.0, +0.0, +0.0, +0.0, +0.0, -1.0, +0.0, +0.0, +0.0, +0.0, +0.0, +0.0, +0.0, +0.0, +0.0, +0.0, +0.0, +0.0, +0.0, +0.0, -1.0, -1.0, +0.0, +0.0, +0.0, +0.0, +0.0, +0.0, +0.0, +0.0, +0.0, +3.0, +0.0, +0.0, +0.0, +0.0, +0.0, +0.0]
[+0.0, +0.0, +0.0, +0.0, +0.0, +0.0, +0.0, +0.0, +0.0, +0.0, +0.0, +0.0, +0.0, +0.0, +0.0, -1.0, +0.0, +0.0, +0.0, +0.0, +0.0, +0.0, +0.0, +0.0, +0.0, +0.0, +0.0, +0.0, +0.0, +0.0, +0.0, +0.0, +0.0, +0.0, +0.0, +0.0, +0.0, +0.0, +0.0, +1.0, +0.0, +0.0, +0.0, +0.0, +0.0]
[+0.0, +0.0, +0.0, +0.0, +0.0, +0.0, +0.0, +0.0, +0.0, +0.0, +0.0, +0.0, +0.0, +0.0, +0.0, -1.0, -1.0, +0.0, +0.0, +0.0, +0.0, +0.0, +0.0, +0.0, +0.0, +0.0, +0.0, +0.0, +0.0, +0.0, +0.0, +0.0, +0.0, +0.0, +0.0, +0.0, +0.0, +0.0, +0.0, +0.0, +2.0, +0.0, +0.0, +0.0, +0.0]
[+0.0, +0.0, +0.0, +0.0, +0.0, +0.0, +0.0, -1.0, -1.0, +0.0, +0.0, +0.0, +0.0, +0.0, +0.0, +0.0, +0.0, +0.0, +0.0, +0.0, -1.0, +0.0, +0.0, +0.0, +0.0, +0.0, +0.0, +0.0, +0.0, +0.0, +0.0, +0.0, +0.0, +0.0, +0.0, +0.0, +0.0, +0.0, +0.0, +0.0, +0.0, +3.0, +0.0, +0.0, +0.0]
[+0.0, +0.0, +0.0, +0.0, +0.0, +0.0, +0.0, +0.0, +0.0, -1.0, +0.0, +0.0, +0.0, +0.0, +0.0, +0.0, +0.0, +0.0, +0.0, +0.0, +0.0, +0.0, +0.0, +0.0, +0.0, +0.0, +0.0, +0.0, +0.0, +0.0, +0.0, +0.0, +0.0, +0.0, +0.0, +0.0, +0.0, +0.0, +0.0, +0.0, +0.0, +0.0, +1.0, +0.0, +0.0]
[+0.0, +0.0, +0.0, +0.0, +0.0, +0.0, +0.0, +0.0, +0.0, -1.0, +0.0, +0.0, +0.0, +0.0, +0.0, +0.0, +0.0, +0.0, +0.0, +0.0, +0.0, +0.0, +0.0, +0.0, +0.0, +0.0, +0.0, +0.0, +0.0, +0.0, +0.0, +0.0, +0.0, +0.0, +0.0, +0.0, +0.0, +0.0, +0.0, +0.0, +0.0, +0.0, +0.0, +1.0, +0.0]
[+0.0, +0.0, +0.0, +0.0, +0.0, +0.0, +0.0, +0.0, +0.0, -1.0, +0.0, +0.0, +0.0, +0.0, +0.0, +0.0, +0.0, +0.0, +0.0, +0.0, +0.0, +0.0, +0.0, +0.0, +0.0, +0.0, +0.0, +0.0, +0.0, +0.0, +0.0, +0.0, +0.0, +0.0, +0.0, +0.0, +0.0, +0.0, +0.0, +0.0, +0.0, +0.0, +0.0, +0.0, +1.0]
 

num_landmarks      = 15        # number of landmarks
N                  = 30       # time steps
world_size         = 100.0    # size of world
measurement_range  = 25.0     # range at which we can sense landmarks
motion_noise       = 1.0      # noise in robot motion
measurement_noise  = 1.0      # noise in the measurements
distance           = 20.0     # distance by which robot (intends to) move each iteratation 
i=0, landmark #0 seen at 1.671,23.252. lm_ix,y=-15,-14
i=0, landmark #14 seen at -12.362,12.031. lm_ix,y=-1,0
i=1, landmark #0 seen at 0.866,2.762. lm_ix,y=-15,-14
i=1, landmark #10 seen at 6.655,-2.254. lm_ix,y=-5,-4
i=1, landmark #12 seen at 24.543,0.054. lm_ix,y=-3,-2
i=1, landmark #14 seen at -13.528,-7.584. lm_ix,y=-1,0
i=2, landmark #0 seen at -0.453,-17.418. lm_ix,y=-15,-14
i=4, landmark #0 seen at -19.360,-2.282. lm_ix,y=-15,-14
i=4, landmark #4 seen at 12.993,-2.844. lm_ix,y=-11,-10
i=4, landmark #10 seen at -15.054,-8.710. lm_ix,y=-5,-4
i=4, landmark #12 seen at 3.946,-5.607. lm_ix,y=-3,-2
i=5, landmark #12 seen at 3.853,13.789. lm_ix,y=-3,-2
i=6, landmark #2 seen at 12.141,-4.959. lm_ix,y=-13,-12
i=6, landmark #5 seen at 16.567,7.074. lm_ix,y=-10,-9
i=6, landmark #8 seen at 16.816,-7.381. lm_ix,y=-7,-6
i=7, landmark #13 seen at -14.021,6.666. lm_ix,y=-2,-1
i=8, landmark #7 seen at -6.108,5.839. lm_ix,y=-8,-7
i=8, landmark #13 seen at 4.726,4.488. lm_ix,y=-2,-1
i=9, landmark #7 seen at 13.873,1.057. lm_ix,y=-8,-7
i=9, landmark #9 seen at -1.483,-18.730. lm_ix,y=-6,-5
i=9, landmark #13 seen at 22.734,-0.189. lm_ix,y=-2,-1
i=10, landmark #6 seen at -2.280,17.062. lm_ix,y=-9,-8
i=11, landmark #6 seen at -1.354,-3.701. lm_ix,y=-9,-8
i=12, landmark #3 seen at 12.033,9.856. lm_ix,y=-12,-11
i=12, landmark #6 seen at -1.039,-21.275. lm_ix,y=-9,-8
i=12, landmark #11 seen at -1.872,22.611. lm_ix,y=-4,-3
i=13, landmark #3 seen at 11.007,-11.795. lm_ix,y=-12,-11
i=13, landmark #11 seen at -2.894,1.206. lm_ix,y=-4,-3
i=14, landmark #3 seen at 9.073,9.064. lm_ix,y=-12,-11
i=14, landmark #11 seen at -3.523,21.224. lm_ix,y=-4,-3
i=15, landmark #6 seen at -4.752,-1.613. lm_ix,y=-9,-8
i=16, landmark #6 seen at -6.031,18.579. lm_ix,y=-9,-8
i=17, landmark #1 seen at 4.721,-0.286. lm_ix,y=-14,-13
i=17, landmark #9 seen at 14.454,-2.184. lm_ix,y=-6,-5
i=18, landmark #1 seen at -10.553,-13.140. lm_ix,y=-14,-13
i=18, landmark #7 seen at 14.525,5.914. lm_ix,y=-8,-7
i=18, landmark #9 seen at 0.110,-14.531. lm_ix,y=-6,-5
i=19, landmark #7 seen at -1.370,-9.046. lm_ix,y=-8,-7
i=19, landmark #13 seen at 8.755,-10.004. lm_ix,y=-2,-1
i=21, landmark #4 seen at 7.371,11.934. lm_ix,y=-11,-10
i=21, landmark #12 seen at -2.151,10.245. lm_ix,y=-3,-2
i=22, landmark #4 seen at -8.161,-1.192. lm_ix,y=-11,-10
i=22, landmark #12 seen at -17.029,-4.294. lm_ix,y=-3,-2
i=23, landmark #4 seen at 9.465,-13.584. lm_ix,y=-11,-10
i=23, landmark #12 seen at 1.028,-14.550. lm_ix,y=-3,-2
i=26, landmark #11 seen at -8.230,-9.450. lm_ix,y=-4,-3
i=27, landmark #3 seen at -9.887,-12.188. lm_ix,y=-12,-11
i=27, landmark #11 seen at -24.683,0.158. lm_ix,y=-4,-3
i=28, landmark #0 seen at 0.510,-3.883. lm_ix,y=-15,-14
i=28, landmark #10 seen at 5.897,-7.615. lm_ix,y=-5,-4
omega
[+4.0, +0.0, -1.0, +0.0, +0.0, +0.0, +0.0, +0.0, +0.0, +0.0, +0.0, +0.0, +0.0, +0.0, +0.0, +0.0, +0.0, +0.0, +0.0, +0.0, +0.0, +0.0, +0.0, +0.0, +0.0, +0.0, +0.0, +0.0, +0.0, +0.0, -1.0, +0.0, +0.0, +0.0, +0.0, +0.0, +0.0, +0.0, +0.0, +0.0, +0.0, +0.0, +0.0, +0.0, -1.0]
[+0.0, +6.0, +0.0, -1.0, +0.0, +0.0, +0.0, +0.0, +0.0, +0.0, +0.0, +0.0, +0.0, +0.0, +0.0, +0.0, +0.0, +0.0, +0.0, +0.0, +0.0, +0.0, +0.0, +0.0, +0.0, +0.0, +0.0, +0.0, +0.0, +0.0, -1.0, +0.0, +0.0, +0.0, +0.0, +0.0, +0.0, +0.0, +0.0, +0.0, -1.0, +0.0, -1.0, +0.0, -1.0]
[-1.0, +0.0, +3.0, +0.0, -1.0, +0.0, +0.0, +0.0, +0.0, +0.0, +0.0, +0.0, +0.0, +0.0, +0.0, +0.0, +0.0, +0.0, +0.0, +0.0, +0.0, +0.0, +0.0, +0.0, +0.0, +0.0, +0.0, +0.0, +0.0, +0.0, -1.0, +0.0, +0.0, +0.0, +0.0, +0.0, +0.0, +0.0, +0.0, +0.0, +0.0, +0.0, +0.0, +0.0, +0.0]
[+0.0, -1.0, +0.0, +2.0, +0.0, -1.0, +0.0, +0.0, +0.0, +0.0, +0.0, +0.0, +0.0, +0.0, +0.0, +0.0, +0.0, +0.0, +0.0, +0.0, +0.0, +0.0, +0.0, +0.0, +0.0, +0.0, +0.0, +0.0, +0.0, +0.0, +0.0, +0.0, +0.0, +0.0, +0.0, +0.0, +0.0, +0.0, +0.0, +0.0, +0.0, +0.0, +0.0, +0.0, +0.0]
[+0.0, +0.0, -1.0, +0.0, +6.0, +0.0, -1.0, +0.0, +0.0, +0.0, +0.0, +0.0, +0.0, +0.0, +0.0, +0.0, +0.0, +0.0, +0.0, +0.0, +0.0, +0.0, +0.0, +0.0, +0.0, +0.0, +0.0, +0.0, +0.0, +0.0, -1.0, +0.0, +0.0, +0.0, -1.0, +0.0, +0.0, +0.0, +0.0, +0.0, -1.0, +0.0, -1.0, +0.0, +0.0]
[+0.0, +0.0, +0.0, -1.0, +0.0, +3.0, +0.0, -1.0, +0.0, +0.0, +0.0, +0.0, +0.0, +0.0, +0.0, +0.0, +0.0, +0.0, +0.0, +0.0, +0.0, +0.0, +0.0, +0.0, +0.0, +0.0, +0.0, +0.0, +0.0, +0.0, +0.0, +0.0, +0.0, +0.0, +0.0, +0.0, +0.0, +0.0, +0.0, +0.0, +0.0, +0.0, -1.0, +0.0, +0.0]
[+0.0, +0.0, +0.0, +0.0, -1.0, +0.0, +5.0, +0.0, -1.0, +0.0, +0.0, +0.0, +0.0, +0.0, +0.0, +0.0, +0.0, +0.0, +0.0, +0.0, +0.0, +0.0, +0.0, +0.0, +0.0, +0.0, +0.0, +0.0, +0.0, +0.0, +0.0, +0.0, -1.0, +0.0, +0.0, -1.0, +0.0, +0.0, -1.0, +0.0, +0.0, +0.0, +0.0, +0.0, +0.0]
[+0.0, +0.0, +0.0, +0.0, +0.0, -1.0, +0.0, +3.0, +0.0, -1.0, +0.0, +0.0, +0.0, +0.0, +0.0, +0.0, +0.0, +0.0, +0.0, +0.0, +0.0, +0.0, +0.0, +0.0, +0.0, +0.0, +0.0, +0.0, +0.0, +0.0, +0.0, +0.0, +0.0, +0.0, +0.0, +0.0, +0.0, +0.0, +0.0, +0.0, +0.0, +0.0, +0.0, -1.0, +0.0]
[+0.0, +0.0, +0.0, +0.0, +0.0, +0.0, -1.0, +0.0, +4.0, +0.0, -1.0, +0.0, +0.0, +0.0, +0.0, +0.0, +0.0, +0.0, +0.0, +0.0, +0.0, +0.0, +0.0, +0.0, +0.0, +0.0, +0.0, +0.0, +0.0, +0.0, +0.0, +0.0, +0.0, +0.0, +0.0, +0.0, +0.0, -1.0, +0.0, +0.0, +0.0, +0.0, +0.0, -1.0, +0.0]
[+0.0, +0.0, +0.0, +0.0, +0.0, +0.0, +0.0, -1.0, +0.0, +5.0, +0.0, -1.0, +0.0, +0.0, +0.0, +0.0, +0.0, +0.0, +0.0, +0.0, +0.0, +0.0, +0.0, +0.0, +0.0, +0.0, +0.0, +0.0, +0.0, +0.0, +0.0, +0.0, +0.0, +0.0, +0.0, +0.0, +0.0, -1.0, +0.0, -1.0, +0.0, +0.0, +0.0, -1.0, +0.0]
[+0.0, +0.0, +0.0, +0.0, +0.0, +0.0, +0.0, +0.0, -1.0, +0.0, +3.0, +0.0, -1.0, +0.0, +0.0, +0.0, +0.0, +0.0, +0.0, +0.0, +0.0, +0.0, +0.0, +0.0, +0.0, +0.0, +0.0, +0.0, +0.0, +0.0, +0.0, +0.0, +0.0, +0.0, +0.0, +0.0, -1.0, +0.0, +0.0, +0.0, +0.0, +0.0, +0.0, +0.0, +0.0]
[+0.0, +0.0, +0.0, +0.0, +0.0, +0.0, +0.0, +0.0, +0.0, -1.0, +0.0, +3.0, +0.0, -1.0, +0.0, +0.0, +0.0, +0.0, +0.0, +0.0, +0.0, +0.0, +0.0, +0.0, +0.0, +0.0, +0.0, +0.0, +0.0, +0.0, +0.0, +0.0, +0.0, +0.0, +0.0, +0.0, -1.0, +0.0, +0.0, +0.0, +0.0, +0.0, +0.0, +0.0, +0.0]
[+0.0, +0.0, +0.0, +0.0, +0.0, +0.0, +0.0, +0.0, +0.0, +0.0, -1.0, +0.0, +5.0, +0.0, -1.0, +0.0, +0.0, +0.0, +0.0, +0.0, +0.0, +0.0, +0.0, +0.0, +0.0, +0.0, +0.0, +0.0, +0.0, +0.0, +0.0, +0.0, +0.0, -1.0, +0.0, +0.0, -1.0, +0.0, +0.0, +0.0, +0.0, -1.0, +0.0, +0.0, +0.0]
[+0.0, +0.0, +0.0, +0.0, +0.0, +0.0, +0.0, +0.0, +0.0, +0.0, +0.0, -1.0, +0.0, +4.0, +0.0, -1.0, +0.0, +0.0, +0.0, +0.0, +0.0, +0.0, +0.0, +0.0, +0.0, +0.0, +0.0, +0.0, +0.0, +0.0, +0.0, +0.0, +0.0, -1.0, +0.0, +0.0, +0.0, +0.0, +0.0, +0.0, +0.0, -1.0, +0.0, +0.0, +0.0]
[+0.0, +0.0, +0.0, +0.0, +0.0, +0.0, +0.0, +0.0, +0.0, +0.0, +0.0, +0.0, -1.0, +0.0, +4.0, +0.0, -1.0, +0.0, +0.0, +0.0, +0.0, +0.0, +0.0, +0.0, +0.0, +0.0, +0.0, +0.0, +0.0, +0.0, +0.0, +0.0, +0.0, -1.0, +0.0, +0.0, +0.0, +0.0, +0.0, +0.0, +0.0, -1.0, +0.0, +0.0, +0.0]
[+0.0, +0.0, +0.0, +0.0, +0.0, +0.0, +0.0, +0.0, +0.0, +0.0, +0.0, +0.0, +0.0, -1.0, +0.0, +3.0, +0.0, -1.0, +0.0, +0.0, +0.0, +0.0, +0.0, +0.0, +0.0, +0.0, +0.0, +0.0, +0.0, +0.0, +0.0, +0.0, +0.0, +0.0, +0.0, +0.0, -1.0, +0.0, +0.0, +0.0, +0.0, +0.0, +0.0, +0.0, +0.0]
[+0.0, +0.0, +0.0, +0.0, +0.0, +0.0, +0.0, +0.0, +0.0, +0.0, +0.0, +0.0, +0.0, +0.0, -1.0, +0.0, +3.0, +0.0, -1.0, +0.0, +0.0, +0.0, +0.0, +0.0, +0.0, +0.0, +0.0, +0.0, +0.0, +0.0, +0.0, +0.0, +0.0, +0.0, +0.0, +0.0, -1.0, +0.0, +0.0, +0.0, +0.0, +0.0, +0.0, +0.0, +0.0]
[+0.0, +0.0, +0.0, +0.0, +0.0, +0.0, +0.0, +0.0, +0.0, +0.0, +0.0, +0.0, +0.0, +0.0, +0.0, -1.0, +0.0, +4.0, +0.0, -1.0, +0.0, +0.0, +0.0, +0.0, +0.0, +0.0, +0.0, +0.0, +0.0, +0.0, +0.0, -1.0, +0.0, +0.0, +0.0, +0.0, +0.0, +0.0, +0.0, -1.0, +0.0, +0.0, +0.0, +0.0, +0.0]
[+0.0, +0.0, +0.0, +0.0, +0.0, +0.0, +0.0, +0.0, +0.0, +0.0, +0.0, +0.0, +0.0, +0.0, +0.0, +0.0, -1.0, +0.0, +5.0, +0.0, -1.0, +0.0, +0.0, +0.0, +0.0, +0.0, +0.0, +0.0, +0.0, +0.0, +0.0, -1.0, +0.0, +0.0, +0.0, +0.0, +0.0, -1.0, +0.0, -1.0, +0.0, +0.0, +0.0, +0.0, +0.0]
[+0.0, +0.0, +0.0, +0.0, +0.0, +0.0, +0.0, +0.0, +0.0, +0.0, +0.0, +0.0, +0.0, +0.0, +0.0, +0.0, +0.0, -1.0, +0.0, +4.0, +0.0, -1.0, +0.0, +0.0, +0.0, +0.0, +0.0, +0.0, +0.0, +0.0, +0.0, +0.0, +0.0, +0.0, +0.0, +0.0, +0.0, -1.0, +0.0, +0.0, +0.0, +0.0, +0.0, -1.0, +0.0]
[+0.0, +0.0, +0.0, +0.0, +0.0, +0.0, +0.0, +0.0, +0.0, +0.0, +0.0, +0.0, +0.0, +0.0, +0.0, +0.0, +0.0, +0.0, -1.0, +0.0, +2.0, +0.0, -1.0, +0.0, +0.0, +0.0, +0.0, +0.0, +0.0, +0.0, +0.0, +0.0, +0.0, +0.0, +0.0, +0.0, +0.0, +0.0, +0.0, +0.0, +0.0, +0.0, +0.0, +0.0, +0.0]
[+0.0, +0.0, +0.0, +0.0, +0.0, +0.0, +0.0, +0.0, +0.0, +0.0, +0.0, +0.0, +0.0, +0.0, +0.0, +0.0, +0.0, +0.0, +0.0, -1.0, +0.0, +4.0, +0.0, -1.0, +0.0, +0.0, +0.0, +0.0, +0.0, +0.0, +0.0, +0.0, +0.0, +0.0, -1.0, +0.0, +0.0, +0.0, +0.0, +0.0, +0.0, +0.0, -1.0, +0.0, +0.0]
[+0.0, +0.0, +0.0, +0.0, +0.0, +0.0, +0.0, +0.0, +0.0, +0.0, +0.0, +0.0, +0.0, +0.0, +0.0, +0.0, +0.0, +0.0, +0.0, +0.0, -1.0, +0.0, +4.0, +0.0, -1.0, +0.0, +0.0, +0.0, +0.0, +0.0, +0.0, +0.0, +0.0, +0.0, -1.0, +0.0, +0.0, +0.0, +0.0, +0.0, +0.0, +0.0, -1.0, +0.0, +0.0]
[+0.0, +0.0, +0.0, +0.0, +0.0, +0.0, +0.0, +0.0, +0.0, +0.0, +0.0, +0.0, +0.0, +0.0, +0.0, +0.0, +0.0, +0.0, +0.0, +0.0, +0.0, -1.0, +0.0, +4.0, +0.0, -1.0, +0.0, +0.0, +0.0, +0.0, +0.0, +0.0, +0.0, +0.0, -1.0, +0.0, +0.0, +0.0, +0.0, +0.0, +0.0, +0.0, -1.0, +0.0, +0.0]
[+0.0, +0.0, +0.0, +0.0, +0.0, +0.0, +0.0, +0.0, +0.0, +0.0, +0.0, +0.0, +0.0, +0.0, +0.0, +0.0, +0.0, +0.0, +0.0, +0.0, +0.0, +0.0, -1.0, +0.0, +2.0, +0.0, -1.0, +0.0, +0.0, +0.0, +0.0, +0.0, +0.0, +0.0, +0.0, +0.0, +0.0, +0.0, +0.0, +0.0, +0.0, +0.0, +0.0, +0.0, +0.0]
[+0.0, +0.0, +0.0, +0.0, +0.0, +0.0, +0.0, +0.0, +0.0, +0.0, +0.0, +0.0, +0.0, +0.0, +0.0, +0.0, +0.0, +0.0, +0.0, +0.0, +0.0, +0.0, +0.0, -1.0, +0.0, +2.0, +0.0, -1.0, +0.0, +0.0, +0.0, +0.0, +0.0, +0.0, +0.0, +0.0, +0.0, +0.0, +0.0, +0.0, +0.0, +0.0, +0.0, +0.0, +0.0]
[+0.0, +0.0, +0.0, +0.0, +0.0, +0.0, +0.0, +0.0, +0.0, +0.0, +0.0, +0.0, +0.0, +0.0, +0.0, +0.0, +0.0, +0.0, +0.0, +0.0, +0.0, +0.0, +0.0, +0.0, -1.0, +0.0, +3.0, +0.0, -1.0, +0.0, +0.0, +0.0, +0.0, +0.0, +0.0, +0.0, +0.0, +0.0, +0.0, +0.0, +0.0, -1.0, +0.0, +0.0, +0.0]
[+0.0, +0.0, +0.0, +0.0, +0.0, +0.0, +0.0, +0.0, +0.0, +0.0, +0.0, +0.0, +0.0, +0.0, +0.0, +0.0, +0.0, +0.0, +0.0, +0.0, +0.0, +0.0, +0.0, +0.0, +0.0, -1.0, +0.0, +4.0, +0.0, -1.0, +0.0, +0.0, +0.0, -1.0, +0.0, +0.0, +0.0, +0.0, +0.0, +0.0, +0.0, -1.0, +0.0, +0.0, +0.0]
[+0.0, +0.0, +0.0, +0.0, +0.0, +0.0, +0.0, +0.0, +0.0, +0.0, +0.0, +0.0, +0.0, +0.0, +0.0, +0.0, +0.0, +0.0, +0.0, +0.0, +0.0, +0.0, +0.0, +0.0, +0.0, +0.0, -1.0, +0.0, +4.0, +0.0, -2.0, +0.0, +0.0, +0.0, +0.0, +0.0, +0.0, +0.0, +0.0, +0.0, -1.0, +0.0, +0.0, +0.0, +0.0]
[+0.0, +0.0, +0.0, +0.0, +0.0, +0.0, +0.0, +0.0, +0.0, +0.0, +0.0, +0.0, +0.0, +0.0, +0.0, +0.0, +0.0, +0.0, +0.0, +0.0, +0.0, +0.0, +0.0, +0.0, +0.0, +0.0, +0.0, -1.0, +0.0, +1.0, +0.0, +0.0, +0.0, +0.0, +0.0, +0.0, +0.0, +0.0, +0.0, +0.0, +0.0, +0.0, +0.0, +0.0, +0.0]
[-1.0, -1.0, -1.0, +0.0, -1.0, +0.0, +0.0, +0.0, +0.0, +0.0, +0.0, +0.0, +0.0, +0.0, +0.0, +0.0, +0.0, +0.0, +0.0, +0.0, +0.0, +0.0, +0.0, +0.0, +0.0, +0.0, +0.0, +0.0, -2.0, +0.0, +6.0, +0.0, +0.0, +0.0, +0.0, +0.0, +0.0, +0.0, +0.0, +0.0, +0.0, +0.0, +0.0, +0.0, +0.0]
[+0.0, +0.0, +0.0, +0.0, +0.0, +0.0, +0.0, +0.0, +0.0, +0.0, +0.0, +0.0, +0.0, +0.0, +0.0, +0.0, +0.0, -1.0, -1.0, +0.0, +0.0, +0.0, +0.0, +0.0, +0.0, +0.0, +0.0, +0.0, +0.0, +0.0, +0.0, +2.0, +0.0, +0.0, +0.0, +0.0, +0.0, +0.0, +0.0, +0.0, +0.0, +0.0, +0.0, +0.0, +0.0]
[+0.0, +0.0, +0.0, +0.0, +0.0, +0.0, -1.0, +0.0, +0.0, +0.0, +0.0, +0.0, +0.0, +0.0, +0.0, +0.0, +0.0, +0.0, +0.0, +0.0, +0.0, +0.0, +0.0, +0.0, +0.0, +0.0, +0.0, +0.0, +0.0, +0.0, +0.0, +0.0, +1.0, +0.0, +0.0, +0.0, +0.0, +0.0, +0.0, +0.0, +0.0, +0.0, +0.0, +0.0, +0.0]
[+0.0, +0.0, +0.0, +0.0, +0.0, +0.0, +0.0, +0.0, +0.0, +0.0, +0.0, +0.0, -1.0, -1.0, -1.0, +0.0, +0.0, +0.0, +0.0, +0.0, +0.0, +0.0, +0.0, +0.0, +0.0, +0.0, +0.0, -1.0, +0.0, +0.0, +0.0, +0.0, +0.0, +4.0, +0.0, +0.0, +0.0, +0.0, +0.0, +0.0, +0.0, +0.0, +0.0, +0.0, +0.0]
[+0.0, +0.0, +0.0, +0.0, -1.0, +0.0, +0.0, +0.0, +0.0, +0.0, +0.0, +0.0, +0.0, +0.0, +0.0, +0.0, +0.0, +0.0, +0.0, +0.0, +0.0, -1.0, -1.0, -1.0, +0.0, +0.0, +0.0, +0.0, +0.0, +0.0, +0.0, +0.0, +0.0, +0.0, +4.0, +0.0, +0.0, +0.0, +0.0, +0.0, +0.0, +0.0, +0.0, +0.0, +0.0]
[+0.0, +0.0, +0.0, +0.0, +0.0, +0.0, -1.0, +0.0, +0.0, +0.0, +0.0, +0.0, +0.0, +0.0, +0.0, +0.0, +0.0, +0.0, +0.0, +0.0, +0.0, +0.0, +0.0, +0.0, +0.0, +0.0, +0.0, +0.0, +0.0, +0.0, +0.0, +0.0, +0.0, +0.0, +0.0, +1.0, +0.0, +0.0, +0.0, +0.0, +0.0, +0.0, +0.0, +0.0, +0.0]
[+0.0, +0.0, +0.0, +0.0, +0.0, +0.0, +0.0, +0.0, +0.0, +0.0, -1.0, -1.0, -1.0, +0.0, +0.0, -1.0, -1.0, +0.0, +0.0, +0.0, +0.0, +0.0, +0.0, +0.0, +0.0, +0.0, +0.0, +0.0, +0.0, +0.0, +0.0, +0.0, +0.0, +0.0, +0.0, +0.0, +5.0, +0.0, +0.0, +0.0, +0.0, +0.0, +0.0, +0.0, +0.0]
[+0.0, +0.0, +0.0, +0.0, +0.0, +0.0, +0.0, +0.0, -1.0, -1.0, +0.0, +0.0, +0.0, +0.0, +0.0, +0.0, +0.0, +0.0, -1.0, -1.0, +0.0, +0.0, +0.0, +0.0, +0.0, +0.0, +0.0, +0.0, +0.0, +0.0, +0.0, +0.0, +0.0, +0.0, +0.0, +0.0, +0.0, +4.0, +0.0, +0.0, +0.0, +0.0, +0.0, +0.0, +0.0]
[+0.0, +0.0, +0.0, +0.0, +0.0, +0.0, -1.0, +0.0, +0.0, +0.0, +0.0, +0.0, +0.0, +0.0, +0.0, +0.0, +0.0, +0.0, +0.0, +0.0, +0.0, +0.0, +0.0, +0.0, +0.0, +0.0, +0.0, +0.0, +0.0, +0.0, +0.0, +0.0, +0.0, +0.0, +0.0, +0.0, +0.0, +0.0, +1.0, +0.0, +0.0, +0.0, +0.0, +0.0, +0.0]
[+0.0, +0.0, +0.0, +0.0, +0.0, +0.0, +0.0, +0.0, +0.0, -1.0, +0.0, +0.0, +0.0, +0.0, +0.0, +0.0, +0.0, -1.0, -1.0, +0.0, +0.0, +0.0, +0.0, +0.0, +0.0, +0.0, +0.0, +0.0, +0.0, +0.0, +0.0, +0.0, +0.0, +0.0, +0.0, +0.0, +0.0, +0.0, +0.0, +3.0, +0.0, +0.0, +0.0, +0.0, +0.0]
[+0.0, -1.0, +0.0, +0.0, -1.0, +0.0, +0.0, +0.0, +0.0, +0.0, +0.0, +0.0, +0.0, +0.0, +0.0, +0.0, +0.0, +0.0, +0.0, +0.0, +0.0, +0.0, +0.0, +0.0, +0.0, +0.0, +0.0, +0.0, -1.0, +0.0, +0.0, +0.0, +0.0, +0.0, +0.0, +0.0, +0.0, +0.0, +0.0, +0.0, +3.0, +0.0, +0.0, +0.0, +0.0]
[+0.0, +0.0, +0.0, +0.0, +0.0, +0.0, +0.0, +0.0, +0.0, +0.0, +0.0, +0.0, -1.0, -1.0, -1.0, +0.0, +0.0, +0.0, +0.0, +0.0, +0.0, +0.0, +0.0, +0.0, +0.0, +0.0, -1.0, -1.0, +0.0, +0.0, +0.0, +0.0, +0.0, +0.0, +0.0, +0.0, +0.0, +0.0, +0.0, +0.0, +0.0, +5.0, +0.0, +0.0, +0.0]
[+0.0, -1.0, +0.0, +0.0, -1.0, -1.0, +0.0, +0.0, +0.0, +0.0, +0.0, +0.0, +0.0, +0.0, +0.0, +0.0, +0.0, +0.0, +0.0, +0.0, +0.0, -1.0, -1.0, -1.0, +0.0, +0.0, +0.0, +0.0, +0.0, +0.0, +0.0, +0.0, +0.0, +0.0, +0.0, +0.0, +0.0, +0.0, +0.0, +0.0, +0.0, +0.0, +6.0, +0.0, +0.0]
[+0.0, +0.0, +0.0, +0.0, +0.0, +0.0, +0.0, -1.0, -1.0, -1.0, +0.0, +0.0, +0.0, +0.0, +0.0, +0.0, +0.0, +0.0, +0.0, -1.0, +0.0, +0.0, +0.0, +0.0, +0.0, +0.0, +0.0, +0.0, +0.0, +0.0, +0.0, +0.0, +0.0, +0.0, +0.0, +0.0, +0.0, +0.0, +0.0, +0.0, +0.0, +0.0, +0.0, +4.0, +0.0]
[-1.0, -1.0, +0.0, +0.0, +0.0, +0.0, +0.0, +0.0, +0.0, +0.0, +0.0, +0.0, +0.0, +0.0, +0.0, +0.0, +0.0, +0.0, +0.0, +0.0, +0.0, +0.0, +0.0, +0.0, +0.0, +0.0, +0.0, +0.0, +0.0, +0.0, +0.0, +0.0, +0.0, +0.0, +0.0, +0.0, +0.0, +0.0, +0.0, +0.0, +0.0, +0.0, +0.0, +0.0, +2.0]
 

